time,phase,x,y,z
0.005001,0,0.00025701,0.00025701,0.00025701
0.010001,0,0.00051398,0.00051398,0.00051398
0.015001,1,0.00094211,0.00094211,0.00094211
0.020002,1,0.0017125,0.0017125,0.0017125
0.025002,1,0.0024826,0.0024826,0.0024826
0.030002,2,0.0035938,0.0035938,0.0035938
0.035002,2,0.0048751,0.0048751,0.0048751
0.040002,3,0.0061565,0.0061565,0.0061565
0.045002,3,0.0079454,0.0079454,0.0079454
0.050001,3,0.009734,0.009734,0.009734
0.055001,4,0.011691,0.011691,0.011691
0.060002,4,0.013983,0.013983,0.013983
0.065002,4,0.016274,0.016274,0.016274
0.070002,5,0.018897,0.018897,0.018897
0.075002,5,0.021685,0.021685,0.021685
0.080001,6,0.024472,0.024472,0.024472
0.085002,6,0.02775,0.02775,0.02775
0.090001,6,0.031026,0.031026,0.031026
0.095002,7,0.034463,0.034463,0.034463
0.1,7,0.03822,0.03822,0.03822
0.105,7,0.041976,0.041976,0.041976
0.11,8,0.046045,0.046045,0.046045
0.115,8,0.050272,0.050272,0.050272
0.12,9,0.054498,0.054498,0.054498
0.125,9,0.059183,0.059183,0.059183
0.13,9,0.063866,0.063866,0.063866
0.135,10,0.068698,0.068698,0.068698
0.14,10,0.073828,0.073828,0.073828
0.145,10,0.078957,0.078957,0.078957
0.15,11,0.084373,0.084373,0.084373
0.155,11,0.089933,0.089933,0.089933
0.16,12,0.095494,0.095494,0.095494
0.165,12,0.10147,0.10147,0.10147
0.17,12,0.10745,0.10745,0.10745
0.175,13,0.11355,0.11355,0.11355
0.18,13,0.11993,0.11993,0.11993
0.185,13,0.12631,0.12631,0.12631
0.19,14,0.13294,0.13294,0.13294
0.195,14,0.13969,0.13969,0.13969
0.2,15,0.14645,0.14645,0.14645
0.205,15,0.15357,0.15357,0.15357
0.21,15,0.16069,0.16069,0.16069
0.215,16,0.16793,0.16793,0.16793
0.22,16,0.17539,0.17539,0.17539
0.225,16,0.18285,0.18285,0.18285
0.23,17,0.19053,0.19053,0.19053
0.235,17,0.19832,0.19832,0.19832
0.24,18,0.20611,0.20611,0.20611
0.245,18,0.2142,0.2142,0.2142
0.25,18,0.22229,0.22229,0.22229
0.255,19,0.23047,0.23047,0.23047
0.26,19,0.23884,0.23884,0.23884
0.265,19,0.24721,0.24721,0.24721
0.27,20,0.25575,0.25575,0.25575
0.275,20,0.26438,0.26438,0.26438
0.28,21,0.27301,0.27301,0.27301
0.285,21,0.28187,0.28187,0.28187
0.29,21,0.29073,0.29073,0.29073
0.295,22,0.29966,0.29966,0.29966
0.3,22,0.30873,0.30873,0.30873
0.305,22,0.3178,0.3178,0.3178
0.31,23,0.32699,0.32699,0.32699
0.315,23,0.33624,0.33624,0.33624
0.32,24,0.3455,0.3455,0.3455
0.325,24,0.35491,0.35491,0.35491
0.33,24,0.36432,0.36432,0.36432
0.335,25,0.37378,0.37378,0.37378
0.34,25,0.38332,0.38332,0.38332
0.345,25,0.39286,0.39286,0.39286
0.35,26,0.40248,0.40248,0.40248
0.355,26,0.41213,0.41213,0.41213
0.36,27,0.42178,0.42178,0.42178
0.365,27,0.43152,0.43152,0.43152
0.37,27,0.44125,0.44125,0.44125
0.375,28,0.451,0.451,0.451
0.38,28,0.46079,0.46079,0.46079
0.385,28,0.47057,0.47057,0.47057
0.39,29,0.48038,0.48038,0.48038
0.395,29,0.49019,0.49019,0.49019
0.4,30,0.5,0.5,0.5
0.405,30,0.50982,0.50982,0.50982
0.41,30,0.51963,0.51963,0.51963
0.415,31,0.52943,0.52943,0.52943
0.42,31,0.53922,0.53922,0.53922
0.425,31,0.549,0.549,0.549
0.43,32,0.55875,0.55875,0.55875
0.435,32,0.56849,0.56849,0.56849
0.44,33,0.57822,0.57822,0.57822
0.445,33,0.58787,0.58787,0.58787
0.45,33,0.59752,0.59752,0.59752
0.455,34,0.60714,0.60714,0.60714
0.45999,34,0.61666,0.61666,0.61666
0.465,34,0.62623,0.62623,0.62623
0.47,35,0.63569,0.63569,0.63569
0.475,35,0.6451,0.6451,0.6451
0.48,36,0.65451,0.65451,0.65451
0.485,36,0.66377,0.66377,0.66377
0.49,36,0.67302,0.67302,0.67302
0.495,37,0.68221,0.68221,0.68221
0.5,37,0.69128,0.69128,0.69128
0.505,37,0.70035,0.70035,0.70035
0.51,38,0.70928,0.70928,0.70928
0.515,38,0.71814,0.71814,0.71814
0.52,39,0.727,0.727,0.727
0.525,39,0.73562,0.73562,0.73562
0.53,39,0.74425,0.74425,0.74425
0.535,40,0.75279,0.75279,0.75279
0.54,40,0.76116,0.76116,0.76116
0.545,40,0.76953,0.76953,0.76953
0.55,41,0.77772,0.77772,0.77772
0.555,41,0.78581,0.78581,0.78581
0.56,42,0.7939,0.7939,0.7939
0.565,42,0.80168,0.80168,0.80168
0.57,42,0.80947,0.80947,0.80947
0.575,43,0.81715,0.81715,0.81715
0.58,43,0.82462,0.82462,0.82462
0.585,43,0.83208,0.83208,0.83208
0.59,44,0.83932,0.83932,0.83932
0.595,44,0.84644,0.84644,0.84644
0.6,45,0.85356,0.85356,0.85356
0.605,45,0.86031,0.86031,0.86031
0.61,45,0.86707,0.86707,0.86707
0.615,46,0.8737,0.8737,0.8737
0.62,46,0.88007,0.88007,0.88007
0.625,46,0.88645,0.88645,0.88645
0.63,47,0.89256,0.89256,0.89256
0.635,47,0.89854,0.89854,0.89854
0.64,48,0.90451,0.90451,0.90451
0.645,48,0.91007,0.91007,0.91007
0.65,48,0.91563,0.91563,0.91563
0.655,49,0.92105,0.92105,0.92105
0.66,49,0.92618,0.92618,0.92618
0.665,49,0.9313,0.9313,0.9313
0.67,50,0.93614,0.93614,0.93614
0.675,50,0.94082,0.94082,0.94082
0.68,51,0.9455,0.9455,0.9455
0.685,51,0.94973,0.94973,0.94973
0.69,51,0.95396,0.95396,0.95396
0.695,52,0.95803,0.95803,0.95803
0.7,52,0.96178,0.96178,0.96178
0.705,52,0.96554,0.96554,0.96554
0.71,53,0.96898,0.96898,0.96898
0.715,53,0.97225,0.97225,0.97225
0.72,54,0.97553,0.97553,0.97553
0.725,54,0.97832,0.97832,0.97832
0.73,54,0.9811,0.9811,0.9811
0.735,55,0.98373,0.98373,0.98373
0.74,55,0.98602,0.98602,0.98602
0.745,55,0.98831,0.98831,0.98831
0.75,56,0.99027,0.99027,0.99027
0.755,56,0.99206,0.99206,0.99206
0.76,57,0.99384,0.99384,0.99384
0.765,57,0.99513,0.99513,0.99513
0.77,57,0.99641,0.99641,0.99641
0.775,58,0.99752,0.99752,0.99752
0.78,58,0.99829,0.99829,0.99829
0.785,58,0.99906,0.99906,0.99906
0.79,59,0.99949,0.99949,0.99949
0.795,59,0.99974,0.99974,0.99974
0.8,60,1,1,1
0.805,60,0.99974,0.99974,0.99974
0.81,60,0.99949,0.99949,0.99949
0.815,61,0.99906,0.99906,0.99906
0.82,61,0.99829,0.99829,0.99829
0.825,61,0.99752,0.99752,0.99752
0.83,62,0.99641,0.99641,0.99641
0.835,62,0.99513,0.99513,0.99513
0.84,63,0.99384,0.99384,0.99384
0.845,63,0.99205,0.99205,0.99205
0.85,63,0.99027,0.99027,0.99027
0.855,64,0.98831,0.98831,0.98831
0.86,64,0.98602,0.98602,0.98602
0.865,64,0.98373,0.98373,0.98373
0.87,65,0.9811,0.9811,0.9811
0.875,65,0.97832,0.97832,0.97832
0.88,66,0.97553,0.97553,0.97553
0.885,66,0.97225,0.97225,0.97225
0.89,66,0.96897,0.96897,0.96897
0.895,67,0.96554,0.96554,0.96554
0.9,67,0.96178,0.96178,0.96178
0.905,67,0.95802,0.95802,0.95802
0.91,68,0.95395,0.95395,0.95395
0.91503,68,0.9497,0.9497,0.9497
0.92,69,0.9455,0.9455,0.9455
0.925,69,0.94082,0.94082,0.94082
0.93,69,0.93613,0.93613,0.93613
0.935,70,0.9313,0.9313,0.9313
0.94,70,0.92617,0.92617,0.92617
0.945,70,0.92104,0.92104,0.92104
0.95,71,0.91563,0.91563,0.91563
0.955,71,0.91007,0.91007,0.91007
0.96,72,0.90451,0.90451,0.90451
0.965,72,0.89853,0.89853,0.89853
0.97,72,0.89255,0.89255,0.89255
0.975,73,0.88645,0.88645,0.88645
0.98,73,0.88007,0.88007,0.88007
0.985,73,0.8737,0.8737,0.8737
0.99,74,0.86707,0.86707,0.86707
0.995,74,0.86031,0.86031,0.86031
1,75,0.85355,0.85355,0.85355
1.005,75,0.84643,0.84643,0.84643
1.01,75,0.83931,0.83931,0.83931
1.015,76,0.83208,0.83208,0.83208
1.02,76,0.82461,0.82461,0.82461
1.025,76,0.81715,0.81715,0.81715
1.03,77,0.80947,0.80947,0.80947
1.035,77,0.80168,0.80168,0.80168
1.04,78,0.79389,0.79389,0.79389
1.045,78,0.7858,0.7858,0.7858
1.05,78,0.77771,0.77771,0.77771
1.055,79,0.76953,0.76953,0.76953
1.06,79,0.76116,0.76116,0.76116
1.065,79,0.75279,0.75279,0.75279
1.07,80,0.74425,0.74425,0.74425
1.075,80,0.73562,0.73562,0.73562
1.08,81,0.72699,0.72699,0.72699
1.085,81,0.71813,0.71813,0.71813
1.09,81,0.70927,0.70927,0.70927
1.095,82,0.70034,0.70034,0.70034
1.1,82,0.69127,0.69127,0.69127
1.105,82,0.68221,0.68221,0.68221
1.11,83,0.67301,0.67301,0.67301
1.115,83,0.66376,0.66376,0.66376
1.12,84,0.6545,0.6545,0.6545
1.125,84,0.64509,0.64509,0.64509
1.13,84,0.63568,0.63568,0.63568
1.135,85,0.62622,0.62622,0.62622
1.14,85,0.61668,0.61668,0.61668
1.145,85,0.60713,0.60713,0.60713
1.15,86,0.59752,0.59752,0.59752
1.155,86,0.58787,0.58787,0.58787
1.16,87,0.57821,0.57821,0.57821
1.165,87,0.56848,0.56848,0.56848
1.17,87,0.55875,0.55875,0.55875
1.175,88,0.549,0.549,0.549
1.18,88,0.53921,0.53921,0.53921
1.185,88,0.52943,0.52943,0.52943
1.19,89,0.51962,0.51962,0.51962
1.195,89,0.50981,0.50981,0.50981
1.2,90,0.5,0.5,0.5
1.205,90,0.49018,0.49018,0.49018
1.21,90,0.48037,0.48037,0.48037
1.215,91,0.47057,0.47057,0.47057
1.22,91,0.46078,0.46078,0.46078
1.225,91,0.45099,0.45099,0.45099
1.23,92,0.44124,0.44124,0.44124
1.235,92,0.43151,0.43151,0.43151
1.24,93,0.42178,0.42178,0.42178
1.245,93,0.41213,0.41213,0.41213
1.25,93,0.40248,0.40248,0.40248
1.255,94,0.39286,0.39286,0.39286
1.26,94,0.38332,0.38332,0.38332
1.265,94,0.37377,0.37377,0.37377
1.27,95,0.36431,0.36431,0.36431
1.275,95,0.3549,0.3549,0.3549
1.28,96,0.34549,0.34549,0.34549
1.285,96,0.33623,0.33623,0.33623
1.29,96,0.32698,0.32698,0.32698
1.295,97,0.31779,0.31779,0.31779
1.3,97,0.30872,0.30872,0.30872
1.305,97,0.29965,0.29965,0.29965
1.31,98,0.29072,0.29072,0.29072
1.315,98,0.28186,0.28186,0.28186
1.32,99,0.273,0.273,0.273
1.325,99,0.26437,0.26437,0.26437
1.33,99,0.25575,0.25575,0.25575
1.335,100,0.24721,0.24721,0.24721
1.34,100,0.23884,0.23884,0.23884
1.345,100,0.23047,0.23047,0.23047
1.35,101,0.22228,0.22228,0.22228
1.355,101,0.21419,0.21419,0.21419
1.36,102,0.2061,0.2061,0.2061
1.365,102,0.19834,0.19834,0.19834
1.37,102,0.19053,0.19053,0.19053
1.375,103,0.18285,0.18285,0.18285
1.38,103,0.17538,0.17538,0.17538
1.385,103,0.16792,0.16792,0.16792
1.39,104,0.16068,0.16068,0.16068
1.395,104,0.15357,0.15357,0.15357
1.4,105,0.14645,0.14645,0.14645
1.405,105,0.13969,0.13969,0.13969
1.41,105,0.13293,0.13293,0.13293
1.415,106,0.1263,0.1263,0.1263
1.42,106,0.11992,0.11992,0.11992
1.425,106,0.11355,0.11355,0.11355
1.43,107,0.10744,0.10744,0.10744
1.435,107,0.10146,0.10146,0.10146
1.44,108,0.095489,0.095489,0.095489
1.445,108,0.089929,0.089929,0.089929
1.45,108,0.084369,0.084369,0.084369
1.455,109,0.078954,0.078954,0.078954
1.46,109,0.073824,0.073824,0.073824
1.465,109,0.068696,0.068696,0.068696
1.47,110,0.063863,0.063863,0.063863
1.475,110,0.05918,0.05918,0.05918
1.48,111,0.054495,0.054495,0.054495
1.485,111,0.05027,0.05027,0.05027
1.49,111,0.046044,0.046044,0.046044
1.495,112,0.041974,0.041974,0.041974
1.5,112,0.038218,0.038218,0.038218
1.505,112,0.03446,0.03446,0.03446
1.51,113,0.031024,0.031024,0.031024
1.515,113,0.027748,0.027748,0.027748
1.52,114,0.024471,0.024471,0.024471
1.525,114,0.021694,0.021694,0.021694
1.53,114,0.018895,0.018895,0.018895
1.535,115,0.016272,0.016272,0.016272
1.54,115,0.013981,0.013981,0.013981
1.545,115,0.011689,0.011689,0.011689
1.55,116,0.0097329,0.0097329,0.0097329
1.555,116,0.007944,0.007944,0.007944
1.56,117,0.0061553,0.0061553,0.0061553
1.565,117,0.004874,0.004874,0.004874
1.57,117,0.0035928,0.0035928,0.0035928
1.575,118,0.002482,0.002482,0.002482
1.58,118,0.0017118,0.0017118,0.0017118
1.585,118,0.00094167,0.00094167,0.00094167
1.59,119,0.00051383,0.00051383,0.00051383
1.595,119,0.00025686,0.00025686,0.00025686
1.6,120,1.8227e-07,1.8227e-07,1.8227e-07
1.605,120,0.00030585,0.00030585,0.00030585
1.61,120,0.00061171,0.00061171,0.00061171
1.615,121,0.0011213,0.0011213,0.0011213
1.62,121,0.0020377,0.0020377,0.0020377
1.625,121,0.002954,0.002954,0.002954
1.63,122,0.0042757,0.0042757,0.0042757
1.635,122,0.0057997,0.0057997,0.0057997
1.64,123,0.0073235,0.0073235,0.0073235
1.645,123,0.0094501,0.0094501,0.0094501
1.65,123,0.011577,0.011577,0.011577
1.655,124,0.013903,0.013903,0.013903
1.66,124,0.016624,0.016624,0.016624
1.665,124,0.019347,0.019347,0.019347
1.67,125,0.02246,0.02246,0.02246
1.675,125,0.02577,0.02577,0.02577
1.68,126,0.029079,0.029079,0.029079
1.685,126,0.032964,0.032964,0.032964
1.69,126,0.036849,0.036849,0.036849
1.695,127,0.040922,0.040922,0.040922
1.7,127,0.045371,0.045371,0.045371
1.705,127,0.04982,0.04982,0.04982
1.71,128,0.054633,0.054633,0.054633
1.715,128,0.059631,0.059631,0.059631
1.72,129,0.064629,0.064629,0.064629
1.725,129,0.070159,0.070159,0.070159
1.73,129,0.075689,0.075689,0.075689
1.735,130,0.081389,0.081389,0.081389
1.74,130,0.087435,0.087435,0.087435
1.745,130,0.093479,0.093479,0.093479
1.75,131,0.099852,0.099852,0.099852
1.755,131,0.10639,0.10639,0.10639
1.76,132,0.11293,0.11293,0.11293
1.765,132,0.11994,0.11994,0.11994
1.77,132,0.12696,0.12696,0.12696
1.775,133,0.13412,0.13412,0.13412
1.78,133,0.14158,0.14158,0.14158
1.785,133,0.14905,0.14905,0.14905
1.79,134,0.15679,0.15679,0.15679
1.795,134,0.16468,0.16468,0.16468
1.8,135,0.17257,0.17257,0.17257
1.805,135,0.18086,0.18086,0.18086
1.81,135,0.18915,0.18915,0.18915
1.815,136,0.19757,0.19757,0.19757
1.82,136,0.20623,0.20623,0.20623
1.825,136,0.21489,0.21489,0.21489
1.83,137,0.22379,0.22379,0.22379
1.835,137,0.2328,0.2328,0.2328
1.84,138,0.2418,0.2418,0.2418
1.845,138,0.25113,0.25113,0.25113
1.85,138,0.26045,0.26045,0.26045
1.855,139,0.26987,0.26987,0.26987
1.86,139,0.27948,0.27948,0.27948
1.865,139,0.28909,0.28909,0.28909
1.87,140,0.29887,0.29887,0.29887
1.875,140,0.30873,0.30873,0.30873
1.88,141,0.3186,0.3186,0.3186
1.885,141,0.32868,0.32868,0.32868
1.89,141,0.33877,0.33877,0.33877
1.895,142,0.34892,0.34892,0.34892
1.9,142,0.3592,0.3592,0.3592
1.905,142,0.36947,0.36947,0.36947
1.91,143,0.37985,0.37985,0.37985
1.915,143,0.39028,0.39028,0.39028
1.92,144,0.40071,0.40071,0.40071
1.925,144,0.41126,0.41126,0.41126
1.93,144,0.42181,0.42181,0.42181
1.935,145,0.43239,0.43239,0.43239
1.94,145,0.44303,0.44303,0.44303
1.945,145,0.45367,0.45367,0.45367
1.95,146,0.46434,0.46434,0.46434
1.955,146,0.47504,0.47504,0.47504
1.96,147,0.48573,0.48573,0.48573
1.965,147,0.49643,0.49643,0.49643
1.97,147,0.50714,0.50714,0.50714
1.975,148,0.51784,0.51784,0.51784
1.98,148,0.52853,0.52853,0.52853
1.985,148,0.53923,0.53923,0.53923
1.99,149,0.54988,0.54988,0.54988
1.995,149,0.56052,0.56052,0.56052
2,150,0.57116,0.57116,0.57116
2.005,150,0.58171,0.58171,0.58171
2.01,150,0.59226,0.59226,0.59226
2.015,151,0.60277,0.60277,0.60277
2.02,151,0.61321,0.61321,0.61321
2.025,151,0.62363,0.62363,0.62363
2.03,152,0.63396,0.63396,0.63396
2.035,152,0.64424,0.64424,0.64424
2.04,153,0.65451,0.65451,0.65451
2.045,153,0.6646,0.6646,0.6646
2.05,153,0.67468,0.67468,0.67468
2.055,154,0.68469,0.68469,0.68469
2.06,154,0.69456,0.69456,0.69456
2.065,154,0.70442,0.70442,0.70442
2.07,155,0.71412,0.71412,0.71412
2.075,155,0.72373,0.72373,0.72373
2.08,156,0.73334,0.73334,0.73334
2.085,156,0.74266,0.74266,0.74266
2.09,156,0.75199,0.75199,0.75199
2.095,157,0.76121,0.76121,0.76121
2.1,157,0.77021,0.77021,0.77021
2.105,157,0.77922,0.77922,0.77922
2.11,158,0.788,0.788,0.788
2.115,158,0.79666,0.79666,0.79666
2.12,159,0.80533,0.80533,0.80533
2.125,159,0.81362,0.81362,0.81362
2.13,159,0.82191,0.82191,0.82191
2.135,160,0.83006,0.83006,0.83006
2.14,160,0.83795,0.83795,0.83795
2.145,160,0.84584,0.84584,0.84584
2.15,161,0.85345,0.85345,0.85345
2.155,161,0.86091,0.86091,0.86091
2.16,162,0.86837,0.86837,0.86837
2.165,162,0.87539,0.87539,0.87539
2.17,162,0.8824,0.8824,0.8824
2.175,163,0.88925,0.88925,0.88925
2.18,163,0.89579,0.89579,0.89579
2.185,163,0.90233,0.90233,0.90233
2.19,164,0.90854,0.90854,0.90854
2.195,164,0.91458,0.91458,0.91458
2.2,165,0.92063,0.92063,0.92063
2.205,165,0.92616,0.92616,0.92616
2.21,165,0.93169,0.93169,0.93169
2.215,166,0.93704,0.93704,0.93704
2.22,166,0.94204,0.94204,0.94204
2.225,166,0.94704,0.94704,0.94704
2.23,167,0.95167,0.95167,0.95167
2.235,167,0.95612,0.95612,0.95612
2.24,168,0.96056,0.96056,0.96056
2.245,168,0.96445,0.96445,0.96445
2.25,168,0.96833,0.96833,0.96833
2.255,169,0.97203,0.97203,0.97203
2.26,169,0.97533,0.97533,0.97533
2.265,169,0.97864,0.97864,0.97864
2.27,170,0.98156,0.98156,0.98156
2.275,170,0.98428,0.98428,0.98428
2.28,171,0.98701,0.98701,0.98701
2.285,171,0.98913,0.98913,0.98913
2.29,171,0.99126,0.99126,0.99126
2.295,172,0.99319,0.99319,0.99319
2.3,172,0.99471,0.99471,0.99471
2.305,172,0.99623,0.99623,0.99623
2.31,173,0.99735,0.99735,0.99735
2.315,173,0.99827,0.99827,0.99827
2.32,174,0.99918,0.99918,0.99918
2.325,174,0.99949,0.99949,0.99949
2.33,174,0.9998,0.9998,0.9998
2.335,175,0.9999,0.9999,0.9999
2.34,175,0.99959,0.99959,0.99959
2.345,175,0.99929,0.99929,0.99929
2.35,176,0.99857,0.99857,0.99857
2.355,176,0.99766,0.99766,0.99766
2.36,177,0.99674,0.99674,0.99674
2.365,177,0.99522,0.99522,0.99522
2.37,177,0.99369,0.99369,0.99369
2.375,178,0.99197,0.99197,0.99197
2.38,178,0.98984,0.98984,0.98984
2.385,178,0.98771,0.98771,0.98771
2.39,179,0.98519,0.98519,0.98519
2.395,179,0.98247,0.98247,0.98247
2.4,180,0.97975,0.97975,0.97975
2.405,180,0.97644,0.97644,0.97644
2.41,180,0.97313,0.97313,0.97313
2.415,181,0.96963,0.96963,0.96963
2.42,181,0.96574,0.96574,0.96574
2.425,181,0.96186,0.96186,0.96186
2.43,182,0.95759,0.95759,0.95759
2.435,182,0.95315,0.95315,0.95315
2.44,183,0.9487,0.9487,0.9487
2.445,183,0.9437,0.9437,0.9437
2.45,183,0.9387,0.9387,0.9387
2.455,184,0.93353,0.93353,0.93353
2.46,184,0.928,0.928,0.928
2.465,184,0.92247,0.92247,0.92247
2.47,185,0.91659,0.91659,0.91659
2.475,185,0.91055,0.91055,0.91055
2.48,186,0.90451,0.90451,0.90451
2.485,186,0.89797,0.89797,0.89797
2.49,186,0.89143,0.89143,0.89143
2.495,187,0.88473,0.88473,0.88473
2.5,187,0.87772,0.87772,0.87772
2.505,187,0.87071,0.87071,0.87071
2.51,188,0.86339,0.86339,0.86339
2.515,188,0.85593,0.85593,0.85593
2.52,189,0.84847,0.84847,0.84847
2.525,189,0.84058,0.84058,0.84058
2.53,189,0.83269,0.83269,0.83269
2.535,190,0.82467,0.82467,0.82467
2.54,190,0.81637,0.81637,0.81637
2.545,190,0.80809,0.80809,0.80809
2.55,191,0.79946,0.79946,0.79946
2.555,191,0.79088,0.79088,0.79088
2.56,192,0.78222,0.78222,0.78222
2.565,192,0.77321,0.77321,0.77321
2.57,192,0.7642,0.7642,0.7642
2.575,193,0.75509,0.75509,0.75509
2.58,193,0.74576,0.74576,0.74576
2.585,193,0.73644,0.73644,0.73644
2.59,194,0.72692,0.72692,0.72692
2.595,194,0.71731,0.71731,0.71731
2.6,194,0.70771,0.70771,0.70771
2.605,195,0.69784,0.69784,0.69784
2.61,195,0.68798,0.68798,0.68798
2.615,196,0.67804,0.67804,0.67804
2.62,196,0.66795,0.66795,0.66795
2.625,196,0.65787,0.65787,0.65787
2.63,197,0.64765,0.64765,0.64765
2.635,197,0.63738,0.63738,0.63738
2.64,198,0.62711,0.62711,0.62711
2.645,198,0.61668,0.61668,0.61668
2.65,198,0.60624,0.60624,0.60624
2.655,199,0.59577,0.59577,0.59577
2.66,199,0.58522,0.58522,0.58522
2.665,199,0.57467,0.57467,0.57467
2.67,200,0.56406,0.56406,0.56406
2.675,200,0.55342,0.55342,0.55342
2.68,201,0.54271,0.54271,0.54271
2.685,201,0.53209,0.53209,0.53209
2.69,201,0.5214,0.5214,0.5214
2.695,202,0.51071,0.51071,0.51071
2.7001,202,0.49968,0.49968,0.49968
2.705,202,0.48929,0.48929,0.48929
2.71,203,0.47859,0.47859,0.47859
2.715,203,0.4679,0.4679,0.4679
2.72,204,0.45721,0.45721,0.45721
2.725,204,0.44657,0.44657,0.44657
2.73,204,0.43593,0.43593,0.43593
2.735,205,0.42532,0.42532,0.42532
2.74,205,0.41477,0.41477,0.41477
2.745,205,0.40422,0.40422,0.40422
2.75,206,0.39375,0.39375,0.39375
2.755,206,0.38332,0.38332,0.38332
2.76,207,0.37289,0.37289,0.37289
2.765,207,0.36261,0.36261,0.36261
2.77,207,0.35234,0.35234,0.35234
2.775,208,0.34213,0.34213,0.34213
2.78,208,0.33204,0.33204,0.33204
2.785,208,0.32195,0.32195,0.32195
2.79,209,0.31202,0.31202,0.31202
2.795,209,0.30215,0.30215,0.30215
2.7999,209,0.29251,0.29251,0.29251
2.805,210,0.28268,0.28268,0.28268
2.81,210,0.27307,0.27307,0.27307
2.815,211,0.26355,0.26355,0.26355
2.82,211,0.25423,0.25423,0.25423
2.825,211,0.24491,0.24491,0.24491
2.83,212,0.23579,0.23579,0.23579
2.835,212,0.22679,0.22679,0.22679
2.84,213,0.21778,0.21778,0.21778
2.845,213,0.20911,0.20911,0.20911
2.85,213,0.20045,0.20045,0.20045
2.855,214,0.19191,0.19191,0.19191
2.86,214,0.18362,0.18362,0.18362
2.865,214,0.17533,0.17533,0.17533
2.87,215,0.16731,0.16731,0.16731
2.875,215,0.15942,0.15942,0.15942
2.88,216,0.15153,0.15153,0.15153
2.885,216,0.14407,0.14407,0.14407
2.89,216,0.1366,0.1366,0.1366
2.895,217,0.12929,0.12929,0.12929
2.9,217,0.12228,0.12228,0.12228
2.905,217,0.11526,0.11526,0.11526
2.91,218,0.10857,0.10857,0.10857
2.915,218,0.10203,0.10203,0.10203
2.92,219,0.095489,0.095489,0.095489
2.925,219,0.089445,0.089445,0.089445
2.93,219,0.083402,0.083402,0.083402
2.935,220,0.077528,0.077528,0.077528
2.94,220,0.071999,0.071999,0.071999
2.945,220,0.066468,0.066468,0.066468
2.95,221,0.061294,0.061294,0.061294
2.955,221,0.056297,0.056297,0.056297
2.96,222,0.051299,0.051299,0.051299
2.965,222,0.046851,0.046851,0.046851
2.97,222,0.042403,0.042403,0.042403
2.975,223,0.038142,0.038142,0.038142
2.98,223,0.034257,0.034257,0.034257
2.985,223,0.030372,0.030372,0.030372
2.99,224,0.02687,0.02687,0.02687
2.995,224,0.023561,0.023561,0.023561
3,225,0.020252,0.020252,0.020252
3.005,225,0.01753,0.01753,0.01753
3.01,225,0.014808,0.014808,0.014808
3.015,226,0.012285,0.012285,0.012285
3.02,226,0.010158,0.010158,0.010158
3.025,226,0.0080311,0.0080311,0.0080311
3.03,227,0.0063064,0.0063064,0.0063064
3.035,227,0.0047825,0.0047825,0.0047825
3.04,228,0.003259,0.003259,0.003259
3.045,228,0.0023424,0.0023424,0.0023424
3.05,228,0.001426,0.001426,0.001426
3.055,229,0.00071345,0.00071345,0.00071345
3.06,229,0.00040759,0.00040759,0.00040759
3.065,229,0.00010181,0.00010181,0.00010181
3.07,230,0.00024673,0.00024673,0.00024673
3.075,230,0.0006168,0.0006168,0.0006168
3.08,231,0.00098711,0.00098711,0.00098711
3.085,231,0.0020956,0.0020956,0.0020956
3.09,231,0.0032039,0.0032039,0.0032039
3.095,232,0.0045576,0.0045576,0.0045576
3.1,232,0.0064,0.0064,0.0064
3.105,232,0.0082426,0.0082426,0.0082426
3.11,233,0.01057,0.01057,0.01057
3.115,233,0.013139,0.013139,0.013139
3.12,234,0.01571,0.01571,0.01571
3.125,234,0.018996,0.018996,0.018996
3.13,234,0.022282,0.022282,0.022282
3.135,235,0.025803,0.025803,0.025803
3.14,235,0.029793,0.029793,0.029793
3.145,235,0.033782,0.033782,0.033782
3.15,236,0.038231,0.038231,0.038231
3.155,236,0.04291,0.04291,0.04291
3.16,237,0.047589,0.047589,0.047589
3.165,237,0.052936,0.052936,0.052936
3.17,237,0.058284,0.058284,0.058284
3.175,238,0.063848,0.063848,0.063848
3.18,238,0.069842,0.069842,0.069842
3.185,238,0.075838,0.075838,0.075838
3.19,239,0.082251,0.082251,0.082251
3.195,239,0.088873,0.088873,0.088873
3.2,240,0.095494,0.095494,0.095494
3.205,240,0.10271,0.10271,0.10271
3.21,240,0.10993,0.10993,0.10993
3.215,241,0.11734,0.11734,0.11734
3.22,241,0.12513,0.12513,0.12513
3.225,241,0.13292,0.13292,0.13292
3.23,242,0.14107,0.14107,0.14107
3.235,242,0.1494,0.1494,0.1494
3.24,243,0.15773,0.15773,0.15773
3.245,243,0.16656,0.16656,0.16656
3.25,243,0.1754,0.1754,0.1754
3.255,244,0.18439,0.18439,0.18439
3.26,244,0.1937,0.1937,0.1937
3.265,244,0.20301,0.20301,0.20301
3.27,245,0.21261,0.21261,0.21261
3.275,245,0.22235,0.22235,0.22235
3.28,246,0.23209,0.23209,0.23209
3.285,246,0.24223,0.24223,0.24223
3.29,246,0.25237,0.25237,0.25237
3.295,247,0.26262,0.26262,0.26262
3.3,247,0.27312,0.27312,0.27312
3.305,247,0.28361,0.28361,0.28361
3.31,248,0.29432,0.29432,0.29432
3.315,248,0.30513,0.30513,0.30513
3.32,249,0.31594,0.31594,0.31594
3.325,249,0.32702,0.32702,0.32702
3.33,249,0.33811,0.33811,0.33811
3.335,250,0.34927,0.34927,0.34927
3.34,250,0.36058,0.36058,0.36058
3.345,250,0.37189,0.37189,0.37189
3.35,251,0.38332,0.38332,0.38332
3.355,251,0.39482,0.39482,0.39482
3.36,252,0.40631,0.40631,0.40631
3.365,252,0.41795,0.41795,0.41795
3.37,252,0.42958,0.42958,0.42958
3.375,253,0.44125,0.44125,0.44125
3.38,253,0.45297,0.45297,0.45297
3.385,253,0.4647,0.4647,0.4647
3.39,254,0.47646,0.47646,0.47646
3.395,254,0.48823,0.48823,0.48823
3.4,255,0.5,0.5,0.5
3.405,255,0.51178,0.51178,0.51178
3.41,255,0.52355,0.52355,0.52355
3.415,256,0.53531,0.53531,0.53531
3.42,256,0.54704,0.54704,0.54704
3.425,256,0.55876,0.55876,0.55876
3.43,257,0.57043,0.57043,0.57043
3.435,257,0.58206,0.58206,0.58206
3.44,258,0.59369,0.59369,0.59369
3.445,258,0.60519,0.60519,0.60519
3.45,258,0.61674,0.61674,0.61674
3.455,259,0.62812,0.62812,0.62812
3.46,259,0.63943,0.63943,0.63943
3.465,259,0.65074,0.65074,0.65074
3.47,260,0.6619,0.6619,0.6619
3.475,260,0.67298,0.67298,0.67298
3.48,261,0.68407,0.68407,0.68407
3.485,261,0.69488,0.69488,0.69488
3.49,261,0.70569,0.70569,0.70569
3.495,262,0.71639,0.71639,0.71639
3.5,262,0.72689,0.72689,0.72689
3.505,262,0.73738,0.73738,0.73738
3.51,263,0.74764,0.74764,0.74764
3.515,263,0.75778,0.75778,0.75778
3.52,264,0.76792,0.76792,0.76792
3.525,264,0.77766,0.77766,0.77766
3.53,264,0.7874,0.7874,0.7874
3.535,265,0.797,0.797,0.797
3.54,265,0.8063,0.8063,0.8063
3.545,265,0.81561,0.81561,0.81561
3.55,266,0.8246,0.8246,0.8246
3.555,266,0.83344,0.83344,0.83344
3.56,267,0.84228,0.84228,0.84228
3.565,267,0.8506,0.8506,0.8506
3.57,267,0.85893,0.85893,0.85893
3.575,268,0.86708,0.86708,0.86708
3.58,268,0.87487,0.87487,0.87487
3.585,268,0.88266,0.88266,0.88266
3.59,269,0.89007,0.89007,0.89007
3.595,269,0.89729,0.89729,0.89729
3.6,270,0.90451,0.90451,0.90451
3.605,270,0.91113,0.91113,0.91113
3.61,270,0.91775,0.91775,0.91775
3.615,271,0.92416,0.92416,0.92416
3.62,271,0.93016,0.93016,0.93016
3.625,271,0.93616,0.93616,0.93616
3.63,272,0.94172,0.94172,0.94172
3.635,272,0.94707,0.94707,0.94707
3.64,273,0.95242,0.95242,0.95242
3.645,273,0.95709,0.95709,0.95709
3.65,273,0.96177,0.96177,0.96177
3.655,274,0.96622,0.96622,0.96622
3.66,274,0.97021,0.97021,0.97021
3.665,274,0.9742,0.9742,0.9742
3.67,275,0.97772,0.97772,0.97772
3.675,275,0.98101,0.98101,0.98101
3.68,276,0.98429,0.98429,0.98429
3.685,276,0.98686,0.98686,0.98686
3.69,276,0.98943,0.98943,0.98943
3.695,277,0.99176,0.99176,0.99176
3.7,277,0.9936,0.9936,0.9936
3.705,277,0.99544,0.99544,0.99544
3.71,278,0.9968,0.9968,0.9968
3.715,278,0.99791,0.99791,0.99791
3.72,278,0.99901,0.99901,0.99901
3.725,279,0.99938,0.99938,0.99938
3.73,279,0.99975,0.99975,0.99975
3.735,280,0.99988,0.99988,0.99988
3.74,280,0.99951,0.99951,0.99951
3.745,280,0.99914,0.99914,0.99914
3.7501,281,0.99826,0.99826,0.99826
3.755,281,0.99717,0.99717,0.99717
3.76,282,0.99606,0.99606,0.99606
3.765,282,0.99421,0.99421,0.99421
3.77,282,0.99237,0.99237,0.99237
3.775,283,0.99029,0.99029,0.99029
3.78,283,0.98772,0.98772,0.98772
3.785,283,0.98515,0.98515,0.98515
3.79,284,0.9821,0.9821,0.9821
3.795,284,0.97881,0.97881,0.97881
3.8,285,0.97553,0.97553,0.97553
3.805,285,0.97154,0.97154,0.97154
3.81,285,0.96755,0.96755,0.96755
3.815,286,0.96333,0.96333,0.96333
3.82,286,0.95865,0.95865,0.95865
3.825,286,0.95397,0.95397,0.95397
3.83,287,0.94885,0.94885,0.94885
3.835,287,0.9435,0.9435,0.9435
3.84,288,0.93815,0.93815,0.93815
3.845,288,0.93215,0.93215,0.93215
3.85,288,0.92616,0.92616,0.92616
3.855,289,0.91995,0.91995,0.91995
3.86,289,0.91333,0.91333,0.91333
3.865,289,0.90671,0.90671,0.90671
3.87,290,0.89969,0.89969,0.89969
3.875,290,0.89247,0.89247,0.89247
3.88,291,0.88525,0.88525,0.88525
3.885,291,0.87747,0.87747,0.87747
3.89,291,0.86968,0.86968,0.86968
3.895,292,0.86171,0.86171,0.86171
3.9,292,0.85338,0.85338,0.85338
3.905,292,0.84505,0.84505,0.84505
3.91,293,0.83638,0.83638,0.83638
3.915,293,0.82754,0.82754,0.82754
3.92,294,0.81871,0.81871,0.81871
3.925,294,0.8094,0.8094,0.8094
3.93,294,0.8001,0.8001,0.8001
3.935,295,0.79064,0.79064,0.79064
3.94,295,0.7809,0.7809,0.7809
3.945,295,0.77116,0.77116,0.77116
3.95,296,0.76115,0.76115,0.76115
3.955,296,0.75101,0.75101,0.75101
3.96,297,0.74087,0.74087,0.74087
3.965,297,0.73038,0.73038,0.73038
3.97,297,0.71988,0.71988,0.71988
3.975,298,0.70928,0.70928,0.70928
3.98,298,0.69847,0.69847,0.69847
3.985,298,0.68766,0.68766,0.68766
3.99,299,0.67667,0.67667,0.67667
3.995,299,0.66559,0.66559,0.66559
4,300,0.6545,0.6545,0.6545
4.005,300,0.64319,0.64319,0.64319
4.01,300,0.63188,0.63188,0.63188
4.015,301,0.62051,0.62051,0.62051
4.02,301,0.60901,0.60901,0.60901
4.025,301,0.59752,0.59752,0.59752
4.03,302,0.58593,0.58593,0.58593
4.035,302,0.5743,0.5743,0.5743
4.04,303,0.56266,0.56266,0.56266
4.045,303,0.55094,0.55094,0.55094
4.05,303,0.53921,0.53921,0.53921
4.055,304,0.52747,0.52747,0.52747
4.06,304,0.51569,0.51569,0.51569
4.065,304,0.50392,0.50392,0.50392
4.07,305,0.49215,0.49215,0.49215
4.075,305,0.48037,0.48037,0.48037
4.08,306,0.4686,0.4686,0.4686
4.085,306,0.45688,0.45688,0.45688
4.09,306,0.44515,0.44515,0.44515
4.095,307,0.43345,0.43345,0.43345
4.1,307,0.42182,0.42182,0.42182
4.105,307,0.41018,0.41018,0.41018
4.11,308,0.39864,0.39864,0.39864
4.115,308,0.38715,0.38715,0.38715
4.12,309,0.37565,0.37565,0.37565
4.125,309,0.36434,0.36434,0.36434
4.13,309,0.35303,0.35303,0.35303
4.135,310,0.34179,0.34179,0.34179
4.14,310,0.33071,0.33071,0.33071
4.145,310,0.31963,0.31963,0.31963
4.15,311,0.30873,0.30873,0.30873
4.155,311,0.29792,0.29792,0.29792
4.16,312,0.28711,0.28711,0.28711
4.165,312,0.27661,0.27661,0.27661
4.17,312,0.26612,0.26612,0.26612
4.175,313,0.25574,0.25574,0.25574
4.18,313,0.2456,0.2456,0.2456
4.185,313,0.23546,0.23546,0.23546
4.19,314,0.22559,0.22559,0.22559
4.195,314,0.21585,0.21585,0.21585
4.2,315,0.2061,0.2061,0.2061
4.205,315,0.1968,0.1968,0.1968
4.21,315,0.18749,0.18749,0.18749
4.215,316,0.17834,0.17834,0.17834
4.22,316,0.1695,0.1695,0.1695
4.225,316,0.16067,0.16067,0.16067
4.23,317,0.15217,0.15217,0.15217
4.2388,317,0.13746,0.13746,0.13746
4.24,318,0.13551,0.13551,0.13551
4.2457,318,0.12671,0.12671,0.12671
4.2499,318,0.12009,0.12009,0.12009
4.2581,319,0.10787,0.10787,0.10787
4.26,319,0.10519,0.10519,0.10519
4.265,319,0.097896,0.097896,0.097896
4.27,320,0.091124,0.091124,0.091124
4.275,320,0.084454,0.084454,0.084454
4.28,321,0.077835,0.077835,0.077835
4.285,321,0.071838,0.071838,0.071838
4.29,321,0.065842,0.065842,0.065842
4.295,322,0.060063,0.060063,0.060063
4.3,322,0.054715,0.054715,0.054715
4.305,322,0.049367,0.049367,0.049367
4.31,323,0.044466,0.044466,0.044466
4.315,323,0.039788,0.039788,0.039788
4.32,324,0.03511,0.03511,0.03511
4.325,324,0.031121,0.031121,0.031121
4.33,324,0.02713,0.02713,0.02713
4.335,325,0.023375,0.023375,0.023375
4.34,325,0.020089,0.020089,0.020089
4.345,325,0.016803,0.016803,0.016803
4.35,326,0.013995,0.013995,0.013995
4.355,326,0.011425,0.011425,0.011425
4.36,327,0.0088557,0.0088557,0.0088557
4.365,327,0.0070133,0.0070133,0.0070133
4.37,327,0.0051708,0.0051708,0.0051708
4.375,328,0.0035728,0.0035728,0.0035728
4.38,328,0.0024642,0.0024642,0.0024642
4.385,328,0.0013557,0.0013557,0.0013557
4.39,329,0.00073992,0.00073992,0.00073992
4.395,329,0.00036993,0.00036993,0.00036993
4.4,330,8.7116e-08,8.7116e-08,8.7116e-08
4.405,330,0.00045684,0.00045684,0.00045684
4.41,330,0.00091355,0.00091355,0.00091355
4.415,331,0.0016745,0.0016745,0.0016745
4.42,331,0.0030425,0.0030425,0.0030425
4.425,331,0.0044103,0.0044103,0.0044103
4.43,332,0.0063813,0.0063813,0.0063813
4.435,332,0.008654,0.008654,0.008654
4.44,333,0.010927,0.010927,0.010927
4.445,333,0.014094,0.014094,0.014094
4.45,333,0.01726,0.01726,0.01726
4.455,334,0.020719,0.020719,0.020719
4.46,334,0.024763,0.024763,0.024763
4.465,334,0.028806,0.028806,0.028806
4.47,335,0.033424,0.033424,0.033424
4.475,335,0.038326,0.038326,0.038326
4.48,336,0.043228,0.043228,0.043228
4.485,336,0.048967,0.048967,0.048967
4.49,336,0.054704,0.054704,0.054704
4.495,337,0.06071,0.06071,0.06071
4.5,337,0.067252,0.067252,0.067252
4.505,337,0.073796,0.073796,0.073796
4.51,338,0.080858,0.080858,0.080858
4.515,338,0.088174,0.088174,0.088174
4.52,339,0.095495,0.095495,0.095495
4.525,339,0.10355,0.10355,0.10355
4.53,339,0.11161,0.11161,0.11161
4.535,340,0.1199,0.1199,0.1199
4.54,340,0.12866,0.12866,0.12866
4.545,340,0.13741,0.13741,0.13741
4.55,341,0.14661,0.14661,0.14661
4.555,341,0.15602,0.15602,0.15602
4.56,342,0.16544,0.16544,0.16544
4.565,342,0.17546,0.17546,0.17546
4.57,342,0.18549,0.18549,0.18549
4.575,343,0.1957,0.1957,0.1957
4.58,343,0.20629,0.20629,0.20629
4.585,343,0.21688,0.21688,0.21688
4.59,344,0.22781,0.22781,0.22781
4.595,344,0.23891,0.23891,0.23891
4.6,345,0.25,0.25,0.25
4.605,345,0.26156,0.26156,0.26156
4.61,345,0.27312,0.27312,0.27312
4.615,346,0.28481,0.28481,0.28481
4.62,346,0.29676,0.29676,0.29676
4.625,346,0.30872,0.30872,0.30872
4.63,347,0.3209,0.3209,0.3209
4.635,347,0.3332,0.3332,0.3332
4.64,348,0.3455,0.3455,0.3455
4.645,348,0.35808,0.35808,0.35808
4.65,348,0.37066,0.37066,0.37066
4.655,349,0.38331,0.38331,0.38331
4.66,349,0.39611,0.39611,0.39611
4.665,349,0.40891,0.40891,0.40891
4.67,350,0.42182,0.42182,0.42182
4.675,350,0.43478,0.43478,0.43478
4.68,351,0.44774,0.44774,0.44774
4.685,351,0.46079,0.46079,0.46079
4.69,351,0.47385,0.47385,0.47385
4.695,352,0.48692,0.48692,0.48692
4.7,352,0.50001,0.50001,0.50001
4.705,352,0.51309,0.51309,0.51309
4.71,353,0.52616,0.52616,0.52616
4.715,353,0.53921,0.53921,0.53921
4.72,354,0.55227,0.55227,0.55227
4.725,354,0.56523,0.56523,0.56523
4.73,354,0.57819,0.57819,0.57819
4.735,355,0.5911,0.5911,0.5911
4.74,355,0.6039,0.6039,0.6039
4.745,355,0.6167,0.6167,0.6167
4.75,356,0.62935,0.62935,0.62935
4.755,356,0.64193,0.64193,0.64193
4.76,357,0.65451,0.65451,0.65451
4.765,357,0.66681,0.66681,0.66681
4.77,357,0.67911,0.67911,0.67911
4.775,358,0.69129,0.69129,0.69129
4.78,358,0.70325,0.70325,0.70325
4.785,358,0.71521,0.71521,0.71521
4.79,359,0.72689,0.72689,0.72689
4.795,359,0.73845,0.73845,0.73845
4.8,360,0.75,0.75,0.75
4.805,360,0.7611,0.7611,0.7611
4.81,360,0.7722,0.7722,0.7722
4.815,361,0.78313,0.78313,0.78313
4.82,361,0.79372,0.79372,0.79372
4.825,361,0.80431,0.80431,0.80431
4.83,362,0.81452,0.81452,0.81452
4.835,362,0.82454,0.82454,0.82454
4.84,363,0.83457,0.83457,0.83457
4.845,363,0.84398,0.84398,0.84398
4.85,363,0.8534,0.8534,0.8534
4.855,364,0.86259,0.86259,0.86259
4.86,364,0.87135,0.87135,0.87135
4.865,364,0.88011,0.88011,0.88011
4.87,365,0.88839,0.88839,0.88839
4.875,365,0.89645,0.89645,0.89645
4.88,366,0.90451,0.90451,0.90451
4.885,366,0.91183,0.91183,0.91183
4.89,366,0.91915,0.91915,0.91915
4.895,367,0.92621,0.92621,0.92621
4.9,367,0.93275,0.93275,0.93275
4.905,367,0.9393,0.9393,0.9393
4.91,368,0.9453,0.9453,0.9453
4.915,368,0.95104,0.95104,0.95104
4.92,369,0.95677,0.95677,0.95677
4.925,369,0.96168,0.96168,0.96168
4.93,369,0.96658,0.96658,0.96658
4.935,370,0.9712,0.9712,0.9712
4.94,370,0.97524,0.97524,0.97524
4.945,370,0.97928,0.97928,0.97928
4.95,371,0.98274,0.98274,0.98274
4.955,371,0.98591,0.98591,0.98591
4.96,372,0.98907,0.98907,0.98907
4.965,372,0.99135,0.99135,0.99135
4.97,372,0.99362,0.99362,0.99362
4.975,373,0.99559,0.99559,0.99559
4.98,373,0.99696,0.99696,0.99696
4.985,373,0.99833,0.99833,0.99833
4.99,374,0.99909,0.99909,0.99909
4.995,374,0.99954,0.99954,0.99954
5,375,1,1,1
5.005,375,0.99954,0.99954,0.99954
5.01,375,0.99909,0.99909,0.99909
5.015,376,0.99833,0.99833,0.99833
5.02,376,0.99696,0.99696,0.99696
5.025,376,0.99559,0.99559,0.99559
5.03,377,0.99362,0.99362,0.99362
5.035,377,0.99135,0.99135,0.99135
5.04,378,0.98907,0.98907,0.98907
5.045,378,0.98591,0.98591,0.98591
5.05,378,0.98274,0.98274,0.98274
5.055,379,0.97928,0.97928,0.97928
5.06,379,0.97524,0.97524,0.97524
5.065,379,0.97119,0.97119,0.97119
5.07,380,0.96658,0.96658,0.96658
5.075,380,0.96167,0.96167,0.96167
5.08,381,0.95677,0.95677,0.95677
5.085,381,0.95103,0.95103,0.95103
5.09,381,0.9453,0.9453,0.9453
5.095,382,0.93929,0.93929,0.93929
5.1,382,0.93275,0.93275,0.93275
5.105,382,0.9262,0.9262,0.9262
5.11,383,0.91914,0.91914,0.91914
5.115,383,0.91182,0.91182,0.91182
5.12,384,0.90451,0.90451,0.90451
5.125,384,0.89645,0.89645,0.89645
5.13,384,0.88839,0.88839,0.88839
5.135,385,0.8801,0.8801,0.8801
5.14,385,0.87134,0.87134,0.87134
5.145,385,0.86259,0.86259,0.86259
5.15,386,0.85339,0.85339,0.85339
5.155,386,0.84398,0.84398,0.84398
5.16,387,0.83456,0.83456,0.83456
5.165,387,0.82454,0.82454,0.82454
5.17,387,0.81451,0.81451,0.81451
5.175,388,0.8043,0.8043,0.8043
5.18,388,0.79371,0.79371,0.79371
5.185,388,0.78312,0.78312,0.78312
5.19,389,0.77219,0.77219,0.77219
5.195,389,0.76109,0.76109,0.76109
5.2,390,0.75,0.75,0.75
5.205,390,0.73844,0.73844,0.73844
5.21,390,0.72688,0.72688,0.72688
5.215,391,0.7152,0.7152,0.7152
5.22,391,0.70324,0.70324,0.70324
5.225,391,0.69128,0.69128,0.69128
5.23,392,0.6791,0.6791,0.6791
5.235,392,0.6668,0.6668,0.6668
5.24,393,0.6545,0.6545,0.6545
5.245,393,0.64193,0.64193,0.64193
5.25,393,0.62934,0.62934,0.62934
5.255,394,0.61669,0.61669,0.61669
5.26,394,0.60389,0.60389,0.60389
5.265,394,0.59109,0.59109,0.59109
5.27,395,0.57818,0.57818,0.57818
5.275,395,0.56522,0.56522,0.56522
5.28,396,0.55226,0.55226,0.55226
5.285,396,0.53921,0.53921,0.53921
5.29,396,0.52615,0.52615,0.52615
5.295,397,0.51308,0.51308,0.51308
5.3,397,0.49999,0.49999,0.49999
5.305,397,0.48691,0.48691,0.48691
5.31,398,0.47384,0.47384,0.47384
5.315,398,0.46079,0.46079,0.46079
5.32,399,0.44773,0.44773,0.44773
5.325,399,0.43477,0.43477,0.43477
5.33,399,0.42181,0.42181,0.42181
5.335,400,0.4089,0.4089,0.4089
5.34,400,0.39611,0.39611,0.39611
5.345,400,0.3833,0.3833,0.3833
5.35,401,0.37065,0.37065,0.37065
5.355,401,0.35807,0.35807,0.35807
5.36,402,0.34549,0.34549,0.34549
5.365,402,0.33319,0.33319,0.33319
5.37,402,0.32089,0.32089,0.32089
5.375,403,0.30871,0.30871,0.30871
5.38,403,0.29675,0.29675,0.29675
5.385,403,0.2848,0.2848,0.2848
5.39,404,0.27311,0.27311,0.27311
5.395,404,0.26155,0.26155,0.26155
5.4,405,0.25,0.25,0.25
5.405,405,0.2389,0.2389,0.2389
5.41,405,0.2278,0.2278,0.2278
5.415,406,0.21687,0.21687,0.21687
5.42,406,0.20628,0.20628,0.20628
5.425,406,0.19569,0.19569,0.19569
5.43,407,0.18548,0.18548,0.18548
5.435,407,0.17546,0.17546,0.17546
5.44,408,0.16543,0.16543,0.16543
5.445,408,0.15602,0.15602,0.15602
5.45,408,0.1466,0.1466,0.1466
5.455,409,0.13741,0.13741,0.13741
5.46,409,0.12865,0.12865,0.12865
5.465,409,0.11989,0.11989,0.11989
5.47,410,0.1116,0.1116,0.1116
5.475,410,0.10355,0.10355,0.10355
5.48,411,0.095489,0.095489,0.095489
5.485,411,0.08817,0.08817,0.08817
5.49,411,0.080853,0.080853,0.080853
5.495,412,0.073792,0.073792,0.073792
5.5,412,0.06725,0.06725,0.06725
5.505,412,0.060706,0.060706,0.060706
5.51,413,0.054699,0.054699,0.054699
5.515,413,0.048963,0.048963,0.048963
5.52,414,0.043225,0.043225,0.043225
5.525,414,0.038323,0.038323,0.038323
5.53,414,0.03342,0.03342,0.03342
5.535,415,0.028805,0.028805,0.028805
5.54,415,0.02476,0.02476,0.02476
5.545,415,0.020716,0.020716,0.020716
5.55,416,0.017257,0.017257,0.017257
5.555,416,0.014092,0.014092,0.014092
5.56,417,0.010925,0.010925,0.010925
5.565,417,0.0086531,0.0086531,0.0086531
5.57,417,0.0063742,0.0063742,0.0063742
5.575,418,0.0044093,0.0044093,0.0044093
5.58,418,0.0030417,0.0030417,0.0030417
5.585,418,0.0016734,0.0016734,0.0016734
5.59,419,0.00091329,0.00091329,0.00091329
5.595,419,0.00045662,0.00045662,0.00045662
5.6,420,2.2049e-07,2.2049e-07,2.2049e-07
5.605,420,0.00057823,0.00057823,0.00057823
5.61,420,0.0011562,0.0011562,0.0011562
5.615,421,0.0021186,0.0021186,0.0021186
5.62,421,0.0038489,0.0038489,0.0038489
5.625,421,0.0055794,0.0055794,0.0055794
5.63,422,0.0080719,0.0080719,0.0080719
5.635,422,0.010944,0.010944,0.010944
5.64,423,0.013816,0.013816,0.013816
5.645,423,0.017812,0.017812,0.017812
5.65,423,0.021809,0.021809,0.021809
5.655,424,0.026172,0.026172,0.026172
5.66,424,0.031268,0.031268,0.031268
5.665,424,0.036363,0.036363,0.036363
5.6707,425,0.042989,0.042989,0.042989
5.675,425,0.048336,0.048336,0.048336
5.68,426,0.054498,0.054498,0.054498
5.6851,426,0.061772,0.061772,0.061772
5.69,426,0.068886,0.068886,0.068886
5.695,427,0.07641,0.07641,0.07641
5.7,427,0.08459,0.08459,0.08459
5.705,427,0.092768,0.092768,0.092768
5.71,428,0.10157,0.10157,0.10157
5.715,428,0.11068,0.11068,0.11068
5.72,429,0.1198,0.1198,0.1198
5.725,429,0.12979,0.12979,0.12979
5.73,429,0.13979,0.13979,0.13979
5.735,430,0.15006,0.15006,0.15006
5.74,430,0.16087,0.16087,0.16087
5.745,430,0.17167,0.17167,0.17167
5.75,431,0.18299,0.18299,0.18299
5.755,431,0.19455,0.19455,0.19455
5.76,432,0.20611,0.20611,0.20611
5.765,432,0.21835,0.21835,0.21835
5.77,432,0.23059,0.23059,0.23059
5.775,433,0.24303,0.24303,0.24303
5.78,433,0.25588,0.25588,0.25588
5.785,433,0.26873,0.26873,0.26873
5.79,434,0.28192,0.28192,0.28192
5.795,434,0.29529,0.29529,0.29529
5.8,435,0.30866,0.30866,0.30866
5.805,435,0.32248,0.32248,0.32248
5.81,435,0.33629,0.33629,0.33629
5.815,436,0.35022,0.35022,0.35022
5.82,436,0.36439,0.36439,0.36439
5.825,436,0.37856,0.37856,0.37856
5.83,437,0.39291,0.39291,0.39291
5.835,437,0.40735,0.40735,0.40735
5.84,438,0.42179,0.42179,0.42179
5.845,438,0.43641,0.43641,0.43641
5.85,438,0.45103,0.45103,0.45103
5.855,439,0.46568,0.46568,0.46568
5.86,439,0.48039,0.48039,0.48039
5.865,439,0.4951,0.4951,0.4951
5.87,440,0.50981,0.50981,0.50981
5.875,440,0.52452,0.52452,0.52452
5.88,441,0.53924,0.53924,0.53924
5.885,441,0.55386,0.55386,0.55386
5.89,441,0.56848,0.56848,0.56848
5.895,442,0.58304,0.58304,0.58304
5.9,442,0.59748,0.59748,0.59748
5.905,442,0.61192,0.61192,0.61192
5.91,443,0.62618,0.62618,0.62618
5.915,443,0.64034,0.64034,0.64034
5.92,444,0.65451,0.65451,0.65451
5.925,444,0.66833,0.66833,0.66833
5.93,444,0.68214,0.68214,0.68214
5.935,445,0.6958,0.6958,0.6958
5.94,445,0.70916,0.70916,0.70916
5.945,445,0.72254,0.72254,0.72254
5.95,446,0.73556,0.73556,0.73556
5.955,446,0.74841,0.74841,0.74841
5.96,447,0.76125,0.76125,0.76125
5.965,447,0.77349,0.77349,0.77349
5.97,447,0.78574,0.78574,0.78574
5.975,448,0.79775,0.79775,0.79775
5.98,448,0.80931,0.80931,0.80931
5.985,448,0.82087,0.82087,0.82087
5.99,449,0.83194,0.83194,0.83194
5.995,449,0.84274,0.84274,0.84274
6,450,0.85356,0.85356,0.85356
6.005,450,0.86355,0.86355,0.86355
6.01,450,0.87354,0.87354,0.87354
6.015,451,0.88324,0.88324,0.88324
6.02,451,0.89236,0.89236,0.89236
6.025,451,0.90147,0.90147,0.90147
6.03,452,0.90996,0.90996,0.90996
6.035,452,0.91814,0.91814,0.91814
6.04,453,0.92632,0.92632,0.92632
6.045,453,0.93352,0.93352,0.93352
6.05,453,0.94071,0.94071,0.94071
6.055,454,0.94756,0.94756,0.94756
6.06,454,0.95372,0.95372,0.95372
6.065,454,0.95989,0.95989,0.95989
6.07,455,0.96534,0.96534,0.96534
6.075,455,0.97043,0.97043,0.97043
6.08,456,0.97553,0.97553,0.97553
6.085,456,0.97953,0.97953,0.97953
6.09,456,0.98352,0.98352,0.98352
6.095,457,0.98714,0.98714,0.98714
6.1,457,0.99002,0.99002,0.99002
6.105,457,0.99289,0.99289,0.99289
6.11,458,0.995,0.995,0.995
6.115,458,0.99673,0.99673,0.99673
6.12,459,0.99846,0.99846,0.99846
6.125,459,0.99904,0.99904,0.99904
6.13,459,0.99961,0.99961,0.99961
6.135,460,0.99981,0.99981,0.99981
6.14,460,0.99923,0.99923,0.99923
6.145,460,0.99865,0.99865,0.99865
6.15,461,0.9973,0.9973,0.9973
6.155,461,0.99557,0.99557,0.99557
6.16,462,0.99384,0.99384,0.99384
6.165,462,0.99097,0.99097,0.99097
6.17,462,0.9881,0.9881,0.9881
6.175,463,0.98485,0.98485,0.98485
6.18,463,0.98085,0.98085,0.98085
6.185,463,0.97686,0.97686,0.97686
6.19,464,0.97213,0.97213,0.97213
6.195,464,0.96703,0.96703,0.96703
6.2,465,0.96194,0.96194,0.96194
6.205,465,0.95577,0.95577,0.95577
6.21,465,0.94961,0.94961,0.94961
6.215,466,0.9431,0.9431,0.9431
6.22,466,0.93591,0.93591,0.93591
6.225,466,0.92872,0.92872,0.92872
6.23,467,0.92086,0.92086,0.92086
6.235,467,0.91268,0.91268,0.91268
6.24,468,0.90451,0.90451,0.90451
6.245,468,0.89539,0.89539,0.89539
6.25,468,0.88628,0.88628,0.88628
6.255,469,0.87687,0.87687,0.87687
6.26,469,0.86687,0.86687,0.86687
6.265,469,0.85688,0.85688,0.85688
6.27,470,0.84634,0.84634,0.84634
6.275,470,0.83553,0.83553,0.83553
6.28,471,0.82472,0.82472,0.82472
6.285,471,0.81316,0.81316,0.81316
6.29,471,0.8016,0.8016,0.8016
6.295,472,0.78981,0.78981,0.78981
6.3,472,0.77757,0.77757,0.77757
6.305,472,0.76533,0.76533,0.76533
6.31,473,0.75268,0.75268,0.75268
6.315,473,0.73984,0.73984,0.73984
6.32,474,0.72699,0.72699,0.72699
6.325,474,0.71362,0.71362,0.71362
6.33,474,0.70025,0.70025,0.70025
6.335,475,0.68674,0.68674,0.68674
6.34,475,0.67292,0.67292,0.67292
6.345,475,0.65911,0.65911,0.65911
6.35,476,0.64506,0.64506,0.64506
6.355,476,0.63089,0.63089,0.63089
6.36,477,0.61672,0.61672,0.61672
6.365,477,0.60228,0.60228,0.60228
6.37,477,0.58784,0.58784,0.58784
6.375,478,0.57334,0.57334,0.57334
6.38,478,0.55872,0.55872,0.55872
6.385,478,0.5441,0.5441,0.5441
6.39,479,0.52942,0.52942,0.52942
6.395,479,0.51471,0.51471,0.51471
6.4,480,0.5,0.5,0.5
6.405,480,0.48528,0.48528,0.48528
6.41,480,0.47057,0.47057,0.47057
6.415,481,0.45589,0.45589,0.45589
6.42,481,0.44127,0.44127,0.44127
6.425,481,0.42665,0.42665,0.42665
6.43,482,0.41215,0.41215,0.41215
6.435,482,0.39771,0.39771,0.39771
6.44,483,0.38327,0.38327,0.38327
6.445,483,0.3691,0.3691,0.3691
6.45,483,0.35493,0.35493,0.35493
6.455,484,0.34088,0.34088,0.34088
6.46,484,0.32707,0.32707,0.32707
6.465,484,0.31326,0.31326,0.31326
6.47,485,0.29974,0.29974,0.29974
6.475,485,0.28637,0.28637,0.28637
6.48,486,0.273,0.273,0.273
6.485,486,0.26015,0.26015,0.26015
6.49,486,0.24731,0.24731,0.24731
6.495,487,0.23467,0.23467,0.23467
6.5,487,0.22242,0.22242,0.22242
6.505,487,0.21018,0.21018,0.21018
6.51,488,0.19839,0.19839,0.19839
6.515,488,0.18683,0.18683,0.18683
6.52,489,0.17527,0.17527,0.17527
6.525,489,0.16446,0.16446,0.16446
6.53,489,0.15365,0.15365,0.15365
6.535,490,0.14311,0.14311,0.14311
6.54,490,0.13312,0.13312,0.13312
6.545,490,0.12312,0.12312,0.12312
6.55,491,0.11372,0.11372,0.11372
6.555,491,0.1046,0.1046,0.1046
6.56,492,0.095488,0.095488,0.095488
6.565,492,0.08731,0.08731,0.08731
6.57,492,0.079131,0.079131,0.079131
6.575,493,0.071279,0.071279,0.071279
6.58,493,0.064086,0.064086,0.064086
6.585,493,0.056892,0.056892,0.056892
6.59,494,0.050385,0.050385,0.050385
6.595,494,0.044221,0.044221,0.044221
6.6,495,0.038058,0.038058,0.038058
6.605,495,0.032963,0.032963,0.032963
6.61,495,0.027867,0.027867,0.027867
6.615,496,0.023138,0.023138,0.023138
6.62,496,0.019142,0.019142,0.019142
6.625,496,0.015146,0.015146,0.015146
6.63,497,0.011899,0.011899,0.011899
6.635,497,0.0090267,0.0090267,0.0090267
6.64,498,0.0061555,0.0061555,0.0061555
6.645,498,0.004425,0.004425,0.004425
6.65,498,0.0026945,0.0026945,0.0026945
6.655,499,0.0013484,0.0013484,0.0013484
6.66,499,0.00077039,0.00077039,0.00077039
6.665,499,0.00019243,0.00019243,0.00019243
6.67,500,0.00050339,0.00050339,0.00050339
6.675,500,0.0012584,0.0012584,0.0012584
6.68,501,0.0020139,0.0020139,0.0020139
6.685,501,0.0042722,0.0042722,0.0042722
6.69,501,0.0065302,0.0065302,0.0065302
6.695,502,0.0092841,0.0092841,0.0092841
6.7,502,0.013029,0.013029,0.013029
6.705,502,0.016772,0.016772,0.016772
6.71,503,0.021487,0.021487,0.021487
6.715,503,0.026685,0.026685,0.026685
6.72,504,0.031886,0.031886,0.031886
6.725,504,0.038498,0.038498,0.038498
6.73,504,0.04511,0.04511,0.04511
6.735,505,0.052177,0.052177,0.052177
6.74,505,0.060148,0.060148,0.060148
6.745,505,0.068121,0.068121,0.068121
6.75,506,0.076958,0.076958,0.076958
6.755,506,0.086227,0.086227,0.086227
6.76,507,0.095496,0.095496,0.095496
6.765,507,0.10598,0.10598,0.10598
6.77,507,0.11647,0.11647,0.11647
6.775,508,0.12734,0.12734,0.12734
6.78,508,0.13897,0.13897,0.13897
6.785,508,0.1506,0.1506,0.1506
6.79,509,0.16292,0.16292,0.16292
6.795,509,0.17559,0.17559,0.17559
6.8,510,0.18826,0.18826,0.18826
6.805,510,0.20187,0.20187,0.20187
6.81,510,0.21548,0.21548,0.21548
6.815,511,0.22937,0.22937,0.22937
6.82,511,0.24381,0.24381,0.24381
6.825,511,0.25825,0.25825,0.25825
6.83,512,0.27318,0.27318,0.27318
6.835,512,0.28833,0.28833,0.28833
6.84,513,0.30349,0.30349,0.30349
6.845,513,0.31925,0.31925,0.31925
6.85,513,0.335,0.335,0.335
6.855,514,0.3509,0.3509,0.3509
6.86,514,0.36706,0.36706,0.36706
6.865,514,0.38334,0.38334,0.38334
6.87,515,0.39978,0.39978,0.39978
6.875,515,0.41634,0.41634,0.41634
6.88,516,0.43289,0.43289,0.43289
6.885,516,0.44965,0.44965,0.44965
6.89,516,0.4664,0.4664,0.4664
6.895,517,0.48318,0.48318,0.48318
6.9,517,0.5,0.5,0.5
6.905,517,0.51683,0.51683,0.51683
6.91,518,0.53361,0.53361,0.53361
6.915,518,0.55036,0.55036,0.55036
6.92,519,0.56712,0.56712,0.56712
6.925,519,0.58368,0.58368,0.58368
6.93,519,0.60023,0.60023,0.60023
6.935,520,0.61667,0.61667,0.61667
6.94,520,0.63289,0.63289,0.63289
6.945,520,0.64911,0.64911,0.64911
6.95,521,0.66502,0.66502,0.66502
6.955,521,0.68076,0.68076,0.68076
6.96,522,0.69652,0.69652,0.69652
6.965,522,0.71168,0.71168,0.71168
6.97,522,0.72683,0.72683,0.72683
6.975,523,0.74175,0.74175,0.74175
6.98,523,0.7562,0.7562,0.7562
6.985,523,0.77064,0.77064,0.77064
6.99,524,0.78453,0.78453,0.78453
6.995,524,0.79814,0.79814,0.79814
7,525,0.81175,0.81175,0.81175
7.005,525,0.82442,0.82442,0.82442
7.01,525,0.83709,0.83709,0.83709
7.015,526,0.84941,0.84941,0.84941
7.02,526,0.86104,0.86104,0.86104
7.025,526,0.87266,0.87266,0.87266
7.03,527,0.88353,0.88353,0.88353
7.035,527,0.89402,0.89402,0.89402
7.04,528,0.90451,0.90451,0.90451
7.045,528,0.91378,0.91378,0.91378
7.05,528,0.92305,0.92305,0.92305
7.055,529,0.93189,0.93189,0.93189
7.06,529,0.93986,0.93986,0.93986
7.065,529,0.94783,0.94783,0.94783
7.07,530,0.9549,0.9549,0.9549
7.075,530,0.96151,0.96151,0.96151
7.08,531,0.96812,0.96812,0.96812
7.085,531,0.97332,0.97332,0.97332
7.09,531,0.97852,0.97852,0.97852
7.095,532,0.98323,0.98323,0.98323
7.1,532,0.98697,0.98697,0.98697
7.105,532,0.99072,0.99072,0.99072
7.11,533,0.99347,0.99347,0.99347
7.115,533,0.99573,0.99573,0.99573
7.12,534,0.99799,0.99799,0.99799
7.125,534,0.99874,0.99874,0.99874
7.13,534,0.9995,0.9995,0.9995
7.135,535,0.99975,0.99975,0.99975
7.14,535,0.99899,0.99899,0.99899
7.145,535,0.99824,0.99824,0.99824
7.15,536,0.99648,0.99648,0.99648
7.155,536,0.99422,0.99422,0.99422
7.16,537,0.99196,0.99196,0.99196
7.165,537,0.98822,0.98822,0.98822
7.17,537,0.98448,0.98448,0.98448
7.175,538,0.98025,0.98025,0.98025
7.18,538,0.97505,0.97505,0.97505
7.185,538,0.96985,0.96985,0.96985
7.19,539,0.96371,0.96371,0.96371
7.195,539,0.95709,0.95709,0.95709
7.2,540,0.95048,0.95048,0.95048
7.205,540,0.94251,0.94251,0.94251
7.21,540,0.93454,0.93454,0.93454
7.215,541,0.92613,0.92613,0.92613
7.22,541,0.91686,0.91686,0.91686
7.225,541,0.9076,0.9076,0.9076
7.23,542,0.89751,0.89751,0.89751
7.235,542,0.88702,0.88702,0.88702
7.24,543,0.87653,0.87653,0.87653
7.245,543,0.86491,0.86491,0.86491
7.25,543,0.85328,0.85328,0.85328
7.255,544,0.8413,0.8413,0.8413
7.26,544,0.82864,0.82864,0.82864
7.265,544,0.81597,0.81597,0.81597
7.27,545,0.80267,0.80267,0.80267
7.275,545,0.78905,0.78905,0.78905
7.28,546,0.77544,0.77544,0.77544
7.285,546,0.761,0.761,0.761
7.29,546,0.74656,0.74656,0.74656
7.295,547,0.73188,0.73188,0.73188
7.3,547,0.71672,0.71672,0.71672
7.305,547,0.70156,0.70156,0.70156
7.31,548,0.68601,0.68601,0.68601
7.315,548,0.67026,0.67026,0.67026
7.32,549,0.65451,0.65451,0.65451
7.325,549,0.63828,0.63828,0.63828
7.33,549,0.62207,0.62207,0.62207
7.335,550,0.60574,0.60574,0.60574
7.34,550,0.58918,0.58918,0.58918
7.345,550,0.57263,0.57263,0.57263
7.3502,551,0.55527,0.55527,0.55527
7.355,551,0.53916,0.53916,0.53916
7.36,552,0.52243,0.52243,0.52243
7.365,552,0.5056,0.5056,0.5056
7.37,552,0.48878,0.48878,0.48878
7.375,553,0.47198,0.47198,0.47198
7.38,553,0.45522,0.45522,0.45522
7.385,553,0.43847,0.43847,0.43847
7.39,554,0.42184,0.42184,0.42184
7.395,554,0.40529,0.40529,0.40529
7.4,555,0.38873,0.38873,0.38873
7.405,555,0.37251,0.37251,0.37251
7.41,555,0.3563,0.3563,0.3563
7.415,556,0.34024,0.34024,0.34024
7.42,556,0.32449,0.32449,0.32449
7.425,556,0.30873,0.30873,0.30873
7.43,557,0.29338,0.29338,0.29338
7.435,557,0.27822,0.27822,0.27822
7.44,558,0.26306,0.26306,0.26306
7.445,558,0.24862,0.24862,0.24862
7.45,558,0.23418,0.23418,0.23418
7.455,559,0.22001,0.22001,0.22001
7.4612,559,0.20327,0.20327,0.20327
7.465,559,0.19279,0.19279,0.19279
7.47,560,0.17981,0.17981,0.17981
7.475,560,0.16714,0.16714,0.16714
7.48,561,0.15438,0.15438,0.15438
7.485,561,0.14284,0.14284,0.14284
7.49,561,0.13121,0.13121,0.13121
7.495,562,0.11996,0.11996,0.11996
7.5,562,0.10948,0.10948,0.10948
7.505,562,0.098984,0.098984,0.098984
7.51,563,0.089309,0.089309,0.089309
7.515,563,0.080041,0.080041,0.080041
7.52,564,0.070774,0.070774,0.070774
7.525,564,0.0628,0.0628,0.0628
7.53,564,0.054829,0.054829,0.054829
7.535,565,0.047308,0.047308,0.047308
7.54,565,0.040697,0.040697,0.040697
7.545,565,0.034085,0.034085,0.034085
7.55,566,0.028415,0.028415,0.028415
7.555,566,0.023217,0.023217,0.023217
7.56,567,0.018018,0.018018,0.018018
7.565,567,0.014274,0.014274,0.014274
7.57,567,0.01053,0.01053,0.01053
7.575,568,0.0072814,0.0072814,0.0072814
7.58,568,0.0050236,0.0050236,0.0050236
7.585,568,0.0027647,0.0027647,0.0027647
7.59,569,0.0015093,0.0015093,0.0015093
7.595,569,0.00075462,0.00075462,0.00075462
7.6,570,1.9591e-07,1.9591e-07,1.9591e-07
7.605,570,0.0010274,0.0010274,0.0010274
7.61,570,0.0020545,0.0020545,0.0020545
7.615,571,0.0037638,0.0037638,0.0037638
7.62,571,0.0068338,0.0068338,0.0068338
7.625,571,0.0099041,0.0099041,0.0099041
7.63,572,0.014315,0.014315,0.014315
7.635,572,0.019393,0.019393,0.019393
7.64,573,0.024473,0.024473,0.024473
7.645,573,0.031508,0.031508,0.031508
7.6501,573,0.038627,0.038627,0.038627
7.655,574,0.046201,0.046201,0.046201
7.66,574,0.055109,0.055109,0.055109
7.665,574,0.064019,0.064019,0.064019
7.67,575,0.074118,0.074118,0.074118
7.675,575,0.084807,0.084807,0.084807
7.68,576,0.095494,0.095494,0.095494
7.685,576,0.10785,0.10785,0.10785
7.69,576,0.1202,0.1202,0.1202
7.695,577,0.13306,0.13306,0.13306
7.7,577,0.14694,0.14694,0.14694
7.705,577,0.16081,0.16081,0.16081
7.71,578,0.17561,0.17561,0.17561
7.715,578,0.19086,0.19086,0.19086
7.72,579,0.20611,0.20611,0.20611
7.725,579,0.22257,0.22257,0.22257
7.73,579,0.23903,0.23903,0.23903
7.735,580,0.25584,0.25584,0.25584
7.74,580,0.27332,0.27332,0.27332
7.745,580,0.29081,0.29081,0.29081
7.75,581,0.30885,0.30885,0.30885
7.755,581,0.32717,0.32717,0.32717
7.76,582,0.3455,0.3455,0.3455
7.765,582,0.36445,0.36445,0.36445
7.77,582,0.38341,0.38341,0.38341
7.775,583,0.40251,0.40251,0.40251
7.78,583,0.4219,0.4219,0.4219
7.785,583,0.44128,0.44128,0.44128
7.79,584,0.4608,0.4608,0.4608
7.795,584,0.48041,0.48041,0.48041
7.8,585,0.50001,0.50001,0.50001
7.805,585,0.5196,0.5196,0.5196
7.81,585,0.5392,0.5392,0.5392
7.815,586,0.55873,0.55873,0.55873
7.82,586,0.57812,0.57812,0.57812
7.825,586,0.5975,0.5975,0.5975
7.83,587,0.6166,0.6166,0.6166
7.835,587,0.63556,0.63556,0.63556
7.84,588,0.65452,0.65452,0.65452
7.845,588,0.67284,0.67284,0.67284
7.85,588,0.69116,0.69116,0.69116
7.855,589,0.7092,0.7092,0.7092
7.86,589,0.72669,0.72669,0.72669
7.865,589,0.74418,0.74418,0.74418
7.87,590,0.76098,0.76098,0.76098
7.875,590,0.77744,0.77744,0.77744
7.88,591,0.7939,0.7939,0.7939
7.885,591,0.80915,0.80915,0.80915
7.89,591,0.8244,0.8244,0.8244
7.895,592,0.8392,0.8392,0.8392
7.9,592,0.85307,0.85307,0.85307
7.905,592,0.86695,0.86695,0.86695
7.91,593,0.87981,0.87981,0.87981
7.915,593,0.89216,0.89216,0.89216
7.92,594,0.90451,0.90451,0.90451
7.925,594,0.9152,0.9152,0.9152
7.93,594,0.92589,0.92589,0.92589
7.935,595,0.93599,0.93599,0.93599
7.94,595,0.94489,0.94489,0.94489
7.945,595,0.95381,0.95381,0.95381
7.95,596,0.96146,0.96146,0.96146
7.955,596,0.9685,0.9685,0.9685
7.96,597,0.97553,0.97553,0.97553
7.965,597,0.98061,0.98061,0.98061
7.97,597,0.98569,0.98569,0.98569
7.975,598,0.9901,0.9901,0.9901
7.98,598,0.99317,0.99317,0.99317
7.985,598,0.99624,0.99624,0.99624
7.99,599,0.99795,0.99795,0.99795
7.995,599,0.99897,0.99897,0.99897
8,600,1,1,1
8.005,600,0.99897,0.99897,0.99897
8.01,600,0.99795,0.99795,0.99795
8.015,601,0.99624,0.99624,0.99624
8.02,601,0.99317,0.99317,0.99317
8.025,601,0.9901,0.9901,0.9901
8.03,602,0.98569,0.98569,0.98569
8.035,602,0.98061,0.98061,0.98061
8.04,603,0.97553,0.97553,0.97553
8.045,603,0.96849,0.96849,0.96849
8.05,603,0.96146,0.96146,0.96146
8.055,604,0.9538,0.9538,0.9538
8.06,604,0.94489,0.94489,0.94489
8.065,604,0.93598,0.93598,0.93598
8.07,605,0.92589,0.92589,0.92589
8.075,605,0.91519,0.91519,0.91519
8.08,606,0.9045,0.9045,0.9045
8.085,606,0.89215,0.89215,0.89215
8.09,606,0.8798,0.8798,0.8798
8.095,607,0.86694,0.86694,0.86694
8.1,607,0.85298,0.85298,0.85298
8.105,607,0.83918,0.83918,0.83918
8.11,608,0.82439,0.82439,0.82439
8.115,608,0.80914,0.80914,0.80914
8.12,609,0.79389,0.79389,0.79389
8.125,609,0.77743,0.77743,0.77743
8.13,609,0.76097,0.76097,0.76097
8.135,610,0.74416,0.74416,0.74416
8.14,610,0.72668,0.72668,0.72668
8.145,610,0.70919,0.70919,0.70919
8.15,611,0.69115,0.69115,0.69115
8.155,611,0.67283,0.67283,0.67283
8.16,612,0.6545,0.6545,0.6545
8.165,612,0.63554,0.63554,0.63554
8.17,612,0.61659,0.61659,0.61659
8.175,613,0.59749,0.59749,0.59749
8.18,613,0.5781,0.5781,0.5781
8.185,613,0.55872,0.55872,0.55872
8.19,614,0.53919,0.53919,0.53919
8.195,614,0.5196,0.5196,0.5196
8.2,615,0.49999,0.49999,0.49999
8.205,615,0.4804,0.4804,0.4804
8.21,615,0.46078,0.46078,0.46078
8.215,616,0.44127,0.44127,0.44127
8.22,616,0.42188,0.42188,0.42188
8.225,616,0.4025,0.4025,0.4025
8.23,617,0.3834,0.3834,0.3834
8.235,617,0.36445,0.36445,0.36445
8.24,618,0.34548,0.34548,0.34548
8.245,618,0.32716,0.32716,0.32716
8.25,618,0.30884,0.30884,0.30884
8.255,619,0.29079,0.29079,0.29079
8.26,619,0.27331,0.27331,0.27331
8.265,619,0.25582,0.25582,0.25582
8.27,620,0.23902,0.23902,0.23902
8.275,620,0.22256,0.22256,0.22256
8.28,621,0.2061,0.2061,0.2061
8.285,621,0.19085,0.19085,0.19085
8.29,621,0.1756,0.1756,0.1756
8.295,622,0.1608,0.1608,0.1608
8.3,622,0.14687,0.14687,0.14687
8.305,622,0.13305,0.13305,0.13305
8.31,623,0.12019,0.12019,0.12019
8.315,623,0.10784,0.10784,0.10784
8.32,624,0.095489,0.095489,0.095489
8.325,624,0.0848,0.0848,0.0848
8.33,624,0.074109,0.074109,0.074109
8.335,625,0.064015,0.064015,0.064015
8.34,625,0.055103,0.055103,0.055103
8.345,625,0.046195,0.046195,0.046195
8.35,626,0.038535,0.038535,0.038535
8.355,626,0.031501,0.031501,0.031501
8.36,627,0.02447,0.02447,0.02447
8.365,627,0.01939,0.01939,0.01939
8.37,627,0.01431,0.01431,0.01431
8.375,628,0.009902,0.009902,0.009902
8.38,628,0.0068317,0.0068317,0.0068317
8.385,628,0.0037615,0.0037615,0.0037615
8.39,629,0.0020538,0.0020538,0.0020538
8.395,629,0.0010266,0.0010266,0.0010266
8.4,630,5.64e-07,5.64e-07,5.64e-07
8.405,630,0.0014791,0.0014791,0.0014791
8.41,630,0.0029573,0.0029573,0.0029573
8.415,631,0.0054154,0.0054154,0.0054154
8.42,631,0.0098268,0.0098268,0.0098268
8.425,631,0.01424,0.01424,0.01424
8.43,632,0.020562,0.020562,0.020562
8.435,632,0.027839,0.027839,0.027839
8.44,633,0.035117,0.035117,0.035117
8.445,633,0.045141,0.045141,0.045141
8.45,633,0.055165,0.055165,0.055165
8.455,634,0.066056,0.066056,0.066056
8.46,634,0.078675,0.078675,0.078675
8.465,634,0.09129,0.09129,0.09129
8.47,635,0.10551,0.10551,0.10551
8.475,635,0.12051,0.12051,0.12051
8.48,636,0.13552,0.13552,0.13552
8.485,636,0.15269,0.15269,0.15269
8.49,636,0.16985,0.16985,0.16985
8.495,637,0.18765,0.18765,0.18765
8.5,637,0.20669,0.20669,0.20669
8.505,637,0.22574,0.22574,0.22574
8.51,638,0.24585,0.24585,0.24585
8.515,638,0.26648,0.26648,0.26648
8.52,639,0.28711,0.28711,0.28711
8.525,639,0.309,0.309,0.309
8.53,639,0.3309,0.3309,0.3309
8.535,640,0.3531,0.3531,0.3531
8.54,640,0.37591,0.37591,0.37591
8.545,640,0.39871,0.39871,0.39871
8.55,641,0.42189,0.42189,0.42189
8.555,641,0.44525,0.44525,0.44525
8.56,642,0.46861,0.46861,0.46861
8.565,642,0.49216,0.49216,0.49216
8.57,642,0.5157,0.5157,0.5157
8.575,643,0.53919,0.53919,0.53919
8.58,643,0.56255,0.56255,0.56255
8.585,643,0.58591,0.58591,0.58591
8.59,644,0.6089,0.6089,0.6089
8.595,644,0.63171,0.63171,0.63171
8.6,645,0.65452,0.65452,0.65452
8.605,645,0.67641,0.67641,0.67641
8.61,645,0.6983,0.6983,0.6983
8.615,646,0.71977,0.71977,0.71977
8.62,646,0.74041,0.74041,0.74041
8.625,646,0.76104,0.76104,0.76104
8.63,647,0.78062,0.78062,0.78062
8.635,647,0.79967,0.79967,0.79967
8.64,648,0.81872,0.81872,0.81872
8.645,648,0.83588,0.83588,0.83588
8.65,648,0.85304,0.85304,0.85304
8.655,649,0.86949,0.86949,0.86949
8.66,649,0.8845,0.8845,0.8845
8.665,649,0.89951,0.89951,0.89951
8.67,650,0.91292,0.91292,0.91292
8.675,650,0.92554,0.92554,0.92554
8.68,651,0.93816,0.93816,0.93816
8.6852,651,0.94848,0.94848,0.94848
8.6903,651,0.95887,0.95887,0.95887
8.695,652,0.96731,0.96731,0.96731
8.7,652,0.97459,0.97459,0.97459
8.705,652,0.98187,0.98187,0.98187
8.71,653,0.98723,0.98723,0.98723
8.715,653,0.99165,0.99165,0.99165
8.72,654,0.99606,0.99606,0.99606
8.725,654,0.99754,0.99754,0.99754
8.73,654,0.99901,0.99901,0.99901
8.735,655,0.99951,0.99951,0.99951
8.74,655,0.99803,0.99803,0.99803
8.745,655,0.99655,0.99655,0.99655
8.75,656,0.99311,0.99311,0.99311
8.755,656,0.9887,0.9887,0.9887
8.76,657,0.98429,0.98429,0.98429
8.765,657,0.97701,0.97701,0.97701
8.77,657,0.96974,0.96974,0.96974
8.775,658,0.96154,0.96154,0.96154
8.78,658,0.95152,0.95152,0.95152
8.785,658,0.94149,0.94149,0.94149
8.79,659,0.92974,0.92974,0.92974
8.795,659,0.91712,0.91712,0.91712
8.7999,659,0.90467,0.90467,0.90467
8.805,660,0.88949,0.88949,0.88949
8.81,660,0.87448,0.87448,0.87448
8.815,661,0.85875,0.85875,0.85875
8.82,661,0.8416,0.8416,0.8416
8.825,661,0.82443,0.82443,0.82443
8.83,662,0.80601,0.80601,0.80601
8.835,662,0.78696,0.78696,0.78696
8.84,663,0.76791,0.76791,0.76791
8.845,663,0.74727,0.74727,0.74727
8.8501,663,0.72642,0.72642,0.72642
8.855,664,0.70559,0.70559,0.70559
8.86,664,0.68369,0.68369,0.68369
8.865,664,0.6618,0.6618,0.6618
8.87,665,0.6393,0.6393,0.6393
8.875,665,0.61649,0.61649,0.61649
8.88,666,0.59368,0.59368,0.59368
8.885,666,0.57032,0.57032,0.57032
8.89,666,0.54696,0.54696,0.54696
8.895,667,0.52354,0.52354,0.52354
8.9,667,0.49999,0.49999,0.49999
8.905,667,0.47645,0.47645,0.47645
8.91,668,0.45303,0.45303,0.45303
8.915,668,0.42966,0.42966,0.42966
8.92,669,0.4063,0.4063,0.4063
8.925,669,0.3835,0.3835,0.3835
8.93,669,0.36069,0.36069,0.36069
8.935,670,0.33818,0.33818,0.33818
8.94,670,0.31629,0.31629,0.31629
8.945,670,0.29441,0.29441,0.29441
8.95,671,0.27335,0.27335,0.27335
8.955,671,0.25271,0.25271,0.25271
8.96,672,0.23208,0.23208,0.23208
8.965,672,0.21303,0.21303,0.21303
8.97,672,0.19398,0.19398,0.19398
8.975,673,0.17556,0.17556,0.17556
8.98,673,0.15839,0.15839,0.15839
8.985,673,0.14123,0.14123,0.14123
8.99,674,0.12551,0.12551,0.12551
8.995,674,0.1105,0.1105,0.1105
9,675,0.095487,0.095487,0.095487
9.005,675,0.08287,0.08287,0.08287
9.01,675,0.070255,0.070255,0.070255
9.015,676,0.0585,0.0585,0.0585
9.02,676,0.048476,0.048476,0.048476
9.025,676,0.038452,0.038452,0.038452
9.03,677,0.030258,0.030258,0.030258
9.035,677,0.022982,0.022982,0.022982
9.04,678,0.015707,0.015707,0.015707
9.045,678,0.011294,0.011294,0.011294
9.0501,678,0.0068342,0.0068342,0.0068342
9.055,679,0.0034491,0.0034491,0.0034491
9.06,679,0.0019706,0.0019706,0.0019706
9.065,679,0.00049209,0.00049209,0.00049209
9.07,680,0.0015397,0.0015397,0.0015397
9.075,680,0.0038473,0.0038473,0.0038473
9.08,681,0.0061585,0.0061585,0.0061585
9.085,681,0.013027,0.013027,0.013027
9.09,681,0.019894,0.019894,0.019894
9.095,682,0.028228,0.028228,0.028228
9.1002,682,0.039996,0.039996,0.039996
9.105,682,0.050747,0.050747,0.050747
9.11,683,0.064751,0.064751,0.064751
9.115,683,0.080124,0.080124,0.080124
9.12,684,0.095499,0.095499,0.095499
9.125,684,0.1146,0.1146,0.1146
9.13,684,0.13372,0.13372,0.13372
9.135,685,0.15391,0.15391,0.15391
9.14,685,0.17628,0.17628,0.17628
9.145,685,0.19866,0.19866,0.19866
9.15,686,0.22284,0.22284,0.22284
9.155,686,0.24793,0.24793,0.24793
9.16,687,0.27302,0.27302,0.27302
9.165,687,0.3002,0.3002,0.3002
9.17,687,0.32738,0.32738,0.32738
9.175,688,0.35504,0.35504,0.35504
9.18,688,0.38365,0.38365,0.38365
9.185,688,0.41226,0.41226,0.41226
9.19,689,0.44135,0.44135,0.44135
9.195,689,0.47068,0.47068,0.47068
9.2,690,0.50001,0.50001,0.50001
9.205,690,0.52934,0.52934,0.52934
9.21,690,0.55868,0.55868,0.55868
9.215,691,0.58777,0.58777,0.58777
9.22,691,0.61637,0.61637,0.61637
9.225,691,0.64498,0.64498,0.64498
9.23,692,0.67264,0.67264,0.67264
9.235,692,0.69982,0.69982,0.69982
9.24,693,0.727,0.727,0.727
9.245,693,0.75209,0.75209,0.75209
9.25,693,0.77718,0.77718,0.77718
9.255,694,0.80136,0.80136,0.80136
9.26,694,0.82373,0.82373,0.82373
9.265,694,0.84611,0.84611,0.84611
9.27,695,0.86616,0.86616,0.86616
9.275,695,0.8854,0.8854,0.8854
9.28,696,0.90451,0.90451,0.90451
9.285,696,0.91982,0.91982,0.91982
9.29,696,0.93526,0.93526,0.93526
9.295,697,0.94926,0.94926,0.94926
9.2999,697,0.96039,0.96039,0.96039
9.305,697,0.97178,0.97178,0.97178
9.31,698,0.98011,0.98011,0.98011
9.315,698,0.98698,0.98698,0.98698
9.32,699,0.99384,0.99384,0.99384
9.325,699,0.99615,0.99615,0.99615
9.33,699,0.99846,0.99846,0.99846
9.335,700,0.99923,0.99923,0.99923
9.34,700,0.99692,0.99692,0.99692
9.345,700,0.99461,0.99461,0.99461
9.35,701,0.98926,0.98926,0.98926
9.355,701,0.98239,0.98239,0.98239
9.36,702,0.97552,0.97552,0.97552
9.365,702,0.96427,0.96427,0.96427
9.37,702,0.95301,0.95301,0.95301
9.375,703,0.94037,0.94037,0.94037
9.38,703,0.925,0.925,0.925
9.385,703,0.90963,0.90963,0.90963
9.39,704,0.89176,0.89176,0.89176
9.395,704,0.87265,0.87265,0.87265
9.4,705,0.85354,0.85354,0.85354
9.405,705,0.83117,0.83117,0.83117
9.41,705,0.8088,0.8088,0.8088
9.415,706,0.78552,0.78552,0.78552
9.42,706,0.76043,0.76043,0.76043
9.425,706,0.73535,0.73535,0.73535
9.43,707,0.70886,0.70886,0.70886
9.435,707,0.68168,0.68168,0.68168
9.44,708,0.65449,0.65449,0.65449
9.445,708,0.62589,0.62589,0.62589
9.45,708,0.59728,0.59728,0.59728
9.455,709,0.56843,0.56843,0.56843
9.46,709,0.5391,0.5391,0.5391
9.465,709,0.50976,0.50976,0.50976
9.47,710,0.48044,0.48044,0.48044
9.475,710,0.4511,0.4511,0.4511
9.48,711,0.42177,0.42177,0.42177
9.485,711,0.39316,0.39316,0.39316
9.49,711,0.36455,0.36455,0.36455
9.495,712,0.33642,0.33642,0.33642
9.5,712,0.30924,0.30924,0.30924
9.505,712,0.28206,0.28206,0.28206
9.51,713,0.25627,0.25627,0.25627
9.515,713,0.23118,0.23118,0.23118
9.52,714,0.2061,0.2061,0.2061
9.525,714,0.18373,0.18373,0.18373
9.53,714,0.16136,0.16136,0.16136
9.535,715,0.14008,0.14008,0.14008
9.54,715,0.12097,0.12097,0.12097
9.545,715,0.10186,0.10186,0.10186
9.55,716,0.085238,0.085238,0.085238
9.555,716,0.069867,0.069867,0.069867
9.56,717,0.054492,0.054492,0.054492
9.565,717,0.043237,0.043237,0.043237
9.57,717,0.031975,0.031975,0.031975
9.575,718,0.02218,0.02218,0.02218
9.58,718,0.015312,0.015312,0.015312
9.585,718,0.0084432,0.0084432,0.0084432
9.59,719,0.0046165,0.0046165,0.0046165
9.595,719,0.0023076,0.0023076,0.0023076
9.6,720,1.563e-06,1.563e-06,1.563e-06
9.605,720,0.0040982,0.0040982,0.0040982
9.61,720,0.0081956,0.0081956,0.0081956
9.615,721,0.014967,0.014967,0.014967
9.62,721,0.02708,0.02708,0.02708
9.625,721,0.039191,0.039191,0.039191
9.63,722,0.0563,0.0563,0.0563
9.6352,722,0.076576,0.076576,0.076576
9.64,723,0.095497,0.095497,0.095497
9.645,723,0.12173,0.12173,0.12173
9.6501,723,0.14823,0.14823,0.14823
9.655,724,0.17601,0.17601,0.17601
9.66,724,0.20773,0.20773,0.20773
9.665,724,0.23944,0.23944,0.23944
9.67,725,0.27388,0.27388,0.27388
9.675,725,0.3097,0.3097,0.3097
9.68,726,0.34551,0.34551,0.34551
9.685,726,0.38385,0.38385,0.38385
9.69,726,0.42219,0.42219,0.42219
9.695,727,0.46081,0.46081,0.46081
9.7,727,0.5,0.5,0.5
9.705,727,0.53921,0.53921,0.53921
9.71,728,0.57784,0.57784,0.57784
9.715,728,0.61617,0.61617,0.61617
9.72,729,0.65452,0.65452,0.65452
9.725,729,0.69033,0.69033,0.69033
9.73,729,0.72614,0.72614,0.72614
9.735,730,0.76057,0.76057,0.76057
9.74,730,0.79229,0.79229,0.79229
9.745,730,0.824,0.824,0.824
9.75,731,0.85206,0.85206,0.85206
9.755,731,0.87832,0.87832,0.87832
9.76,732,0.90452,0.90452,0.90452
9.765,732,0.92411,0.92411,0.92411
9.77,732,0.94372,0.94372,0.94372
9.775,733,0.96081,0.96081,0.96081
9.78,733,0.97292,0.97292,0.97292
9.785,733,0.98504,0.98504,0.98504
9.79,734,0.99181,0.99181,0.99181
9.795,734,0.9959,0.9959,0.9959
9.8,735,1,1,1
9.805,735,0.9959,0.9959,0.9959
9.81,735,0.9918,0.9918,0.9918
9.815,736,0.98503,0.98503,0.98503
9.82,736,0.97292,0.97292,0.97292
9.825,736,0.96081,0.96081,0.96081
9.83,737,0.9437,0.9437,0.9437
9.835,737,0.9241,0.9241,0.9241
9.84,738,0.9045,0.9045,0.9045
9.845,738,0.87827,0.87827,0.87827
9.8501,738,0.85176,0.85176,0.85176
9.855,739,0.82399,0.82399,0.82399
9.86,739,0.79228,0.79228,0.79228
9.865,739,0.76056,0.76056,0.76056
9.87,740,0.72612,0.72612,0.72612
9.875,740,0.6903,0.6903,0.6903
9.88,741,0.65449,0.65449,0.65449
9.885,741,0.61615,0.61615,0.61615
9.89,741,0.57781,0.57781,0.57781
9.895,742,0.53918,0.53918,0.53918
9.9,742,0.49999,0.49999,0.49999
9.905,742,0.46079,0.46079,0.46079
9.91,743,0.42216,0.42216,0.42216
9.915,743,0.38383,0.38383,0.38383
9.92,744,0.34548,0.34548,0.34548
9.925,744,0.30967,0.30967,0.30967
9.93,744,0.27386,0.27386,0.27386
9.935,745,0.23942,0.23942,0.23942
9.94,745,0.2077,0.2077,0.2077
9.945,745,0.176,0.176,0.176
9.9501,746,0.1476,0.1476,0.1476
9.955,746,0.12172,0.12172,0.12172
9.96,747,0.095488,0.095488,0.095488
9.965,747,0.075888,0.075888,0.075888
9.97,747,0.056289,0.056289,0.056289
9.975,748,0.039184,0.039184,0.039184
9.98,748,0.027073,0.027073,0.027073
9.985,748,0.014962,0.014962,0.014962
